1640 1616 1961
1647 1623 1958
1642 1625 1960
1644 1620 1962
1647 1616 1954
1644 1620 1953
1649 1618 1952
1648 1614 1957
1647 1616 1956
1649 1624 1954
1644 1622 1957
1644 1621 1955
1645 1618 1950
1644 1619 1959
1647 1620 1959
1647 1614 1952
1642 1620 1953
1642 1624 1953
1639 1621 1957
1645 1620 1963
1646 1624 1951
1644 1622 1958
1646 1623 1958
1650 1625 1953
1643 1624 1956
1641 1615 1960
1645 1618 1955
1646 1623 1959
1640 1629 1314
1641 1632 1316
1637 1633 1310
1641 1636 1304
1640 1634 1312
1640 1635 1314
1645 1634 1310
1641 1639 1313
1642 1630 1309
1638 1635 1313
1640 1632 1314
1642 1630 1310
1642 1637 1311
1640 1633 1312
1640 1636 1312
1644 1634 1317
1643 1633 1313
1640 1628 1317
1637 1638 1312
1642 1633 1310
1642 1636 1309
1644 1630 1314
1645 1633 1313
1640 1634 1312
1645 1636 1313
1633 1636 1313
1640 1636 1313
1638 1630 1315
1665 1939 1641
1663 1947 1630
1669 1951 1647
1661 1951 1644
1664 1937 1644
1665 1951 1643
1662 1948 1645
1665 1951 1644
1665 1951 1648
1667 1950 1651
1669 1949 1638
1665 1939 1644
1662 1946 1639
1662 1949 1639
1668 1954 1645
1666 1951 1637
1666 1954 1642
1665 1951 1648
1662 1947 1637
1665 1945 1637
1663 1947 1647
1666 1952 1638
1669 1950 1648
1662 1954 1640
1664 1948 1644
1666 1946 1648
1665 1951 1642
1626 1284 1607
1631 1283 1612
1616 1281 1608
1623 1278 1611
1622 1285 1609
1626 1285 1606
1621 1287 1607
1621 1277 1601
1625 1284 1613
1627 1278 1609
1621 1278 1617
1626 1283 1617
1619 1281 1612
1623 1286 1613
1622 1277 1607
1627 1290 1604
1622 1286 1609
1624 1282 1606
1621 1282 1611
1618 1280 1604
1625 1283 1612
1616 1278 1609
1629 1284 1613
1622 1282 1613
1621 1284 1610
1625 1286 1613
1625 1288 1611
1621 1278 1607
1967 1608 1612
1969 1604 1617
1972 1604 1618
1971 1606 1622
1974 1601 1616
1982 1603 1617
1972 1602 1616
1967 1598 1618
1975 1598 1609
1966 1602 1614
1967 1596 1616
1966 1603 1616
1966 1604 1615
1972 1605 1623
1967 1604 1623
1968 1604 1616
1965 1610 1617
1967 1610 1627
1973 1601 1621
1979 1604 1616
1971 1602 1616
1969 1602 1625
1967 1604 1626
1969 1606 1626
1974 1603 1624
1963 1599 1632
1966 1595 1641
1972 1595 1633
1321 1626 1628
1313 1627 1630
1321 1630 1629
1327 1632 1628
1313 1628 1631
1318 1628 1626
1320 1634 1630
1323 1638 1630
1323 1631 1626
1319 1628 1633
1319 1631 1628
1323 1625 1625
1324 1628 1625
1319 1629 1629
1319 1628 1631
1318 1630 1628
1320 1631 1629
1322 1634 1628
1320 1632 1630
1323 1628 1632
1320 1630 1630
1322 1635 1632
1321 1628 1628
1320 1628 1635
1323 1635 1626
1321 1631 1638
1320 1633 1622
